84.02 F major 114.84 7892 394.344
393.742
393.74
393.289
392.612
391.842
391.24
390.838
391.295
391.625
391.92
392.396
392.121
392.242
392.942
393.006
392.625
392.413
393.056
393.506
392.823
392.702
392.641
393.448
392.685
392.424
392.182
392.663
392.711
392.324
392.6
392.885
393.089
392.935
392.619
392.615
392.446
392.297
392.801
392.674
393.038
393.283
393.084
392.875
392.62
392.38
392.77
392.96
392.96
392.96
392.96
392.96
392.96
392.96
393.882
393.316
393.005
392.491
392.479
392.197
391.693
391.612
391.998
391.929
392.304
392.148
392.229
392.451
393.063
392.368
392.232
392.38
392.776
393.209
392.531
392.702
392.924
392.7
392.601
392.122
392.453
392.825
392.587
392.581
392.537
392.771
392.894
392.662
392.626
392.529
392.095
392.724
392.642
392.78
393.15
393.317
393.06
392.923
392.482
392.768
392.978
392.894
392.985
392.985
392.985
392.985
392.985
440.18
439.22
439.093
438.282
438.9
439.1
439.556
440.33
439.948
440.394
440.882
441.64
441.86
442
440.883
440.367
439.537
440.045
440.075
440.791
440.842
441.258
439.791
439.349
438.271
439.55
439.467
439.507
438.705
438.974
438.814
439.44
439.456
439.678
439.786
440.083
439.537
439.544
439.423
438.748
438.698
438.678
438.867
438.447
439.188
439.012
438.832
438.832
438.426
438.491
438.495
438.495
438.961
439.232
440.213
440.526
440.654
440.246
439.881
439.281
439.25
439.205
439.744
440.183
440.563
440.383
439.768
439.435
439.022
439.516
440.037
439.872
439.957
439.819
440
439.808
439.937
440.338
440.31
440.065
439.982
439.845
439.893
439.9
439.967
440.051
439.772
439.876
439.497
439.743
439.803
439.897
439.773
439.259
438.96
439.375
438.898
439.712
440.195
439.845
439.598
439.304
439.304
439.304
439.304
439.304
439.304
439.304
393.918
393.335
393.308
392.72
392.36
392.168
391.136
390.744
391.318
391.739
391.961
392.037
392.278
392.153
392.977
393.268
392.771
392.354
392.861
393.133
393.077
392.516
392.733
393.764
393.098
392.509
392.424
392.902
392.928
392.93
392.493
392.779
393.102
392.98
392.723
392.938
392.561
392.805
392.791
392.709
393.071
392.999
393.11
392.895
392.52
392.53
392.789
392.875
393.035
392.76
392.624
392.979
392.808
392.824
393.2
392.725
392.606
392.468
392.479
392.698
392.485
392.247
392.381
392.704
392.606
392.801
392.757
392.851
392.386
392.344
392.828
393.089
393.134
392.594
392.474
392.576
392.597
392.677
392.683
392.601
393.062
393.128
393.015
392.78
392.443
392.7
392.697
392.926
392.947
392.69
392.926
392.824
392.806
392.762
392.602
392.692
392.833
392.648
392.99
392.395
392.718
392.718
392.718
392.718
392.718
526.159
525.731
525.0359999999999
524.881
524.956
524.992
524.659
524.472
524.479
523.928
523.705
524.1660000000001
523.696
524.45
525.013
525.1130000000001
524.3390000000001
524.566
524.708
525.24
526.152
526.407
526.5359999999999
526.504
526.438
526.008
525.011
525.011
525.101
524.984
525.1950000000001
525.321
525.527
525.925
526.4160000000001
526.13
526.112
524.677
524.222
524.484
524.847
524.926
524.431
524.567
524.144
524.641
524.832
524.997
524.8819999999999
525.138
525.148
525.489
525.237
525.3339999999999
525.3680000000001
525.129
524.947
524.7670000000001
525.013
524.847
524.318
523.401
523.655
523.638
523.994
524.333
524.11
524.073
524.255
524.866
524.5890000000001
524.98
524.981
525.564
525.557
525.478
524.765
524.559
523.494
522.814
523.402
523.5359999999999
523.904
524.073
523.704
523.803
523.654
524.0599999999999
524.097
523.744
523.585
523.153
523.082
523.769
523.7619999999999
523.627
523.966
524.343
525.073
524.9880000000001
525.107
524.896
524.896
524.896
524.896
524.896
498.773
497.046
495.562
495.344
494.581
494.249
495.097
495.614
495.764
496.042
495.594
494.865
493.716
493.176
493.575
494.372
494.608
494.838
494.366
494.071
494.12
494.345
494.89
495.013
494.781
494.269
494.471
494.353
493.926
494.393
495.437
495.391
495.282
494.777
494.939
495.071
495.034
494.717
494.311
494.328
495.281
495.289
495.005
494.625
494.522
494.334
494.131
494.702
495.06
494.947
495.044
494.838
494.77
494.671
494.149
494.635
494.545
494.576
494.5
494.581
494.806
494.886
494.781
494.541
494.204
494.088
494.665
494.634
494.739
494.653
494.562
494.664
494.664
494.664
494.664
494.664
494.664
494.876
494.865
495.033
494.904
494.765
494.414
494.253
494.385
494.866
495.071
494.885
494.644
494.809
494.829
494.94
494.708
494.347
494.799
494.761
494.284
494.014
494.622
494.641
494.513
494.056
494.055
494.334
494.039
493.834
493.75
493.934
494.242
494.137
494.206
494.136
494.386
494.302
494.068
493.958
493.939
494.253
494.513
494.479
494.399
494.346
494.303
494.328
494.363
494.228
494.229
494.278
494.711
494.344
494.537
494.593
494.31
494.222
494.464
494.446
494.603
494.241
494.432
494.806
494.299
494.274
494.181
494.328
494.355
494.137
494.083
494.399
494.076
493.97
493.695
493.921
494.191
493.775
494.013
494.241
494.35
493.787
493.681
493.896
494.462
494.519
494.258
494.301
494.132
493.733
493.595
493.422
493.815
493.95
494.071
494.353
494.254
494.24
493.767
493.855
494.301
494.267
494.304
494.283
494.53
494.43
493.969
493.995
493.935
494.191
494.229
494.247
494.475
493.913
493.949
493.662
494.026
494.58
494.241
494.16
494.462
494.251
493.982
493.907
493.694
494.624
494.517
494.67
495.091
494.683
494.675
494.648
494.387
494.651
494.651
494.651
494.651
494.651
494.651
494.651
494.651
494.651
393.822
393.14
392.877
392.288
392.064
391.31
391.215
391.312
391.764
391.912
391.983
392.085
392.18
392.666
393.39
392.871
392.611
392.951
393.093
393.122
392.366
392.602
393.446
392.856
392.687
392.089
392.725
392.9
392.776
392.433
392.437
393.006
392.878
392.702
392.745
392.501
392.577
392.843
392.387
393.04
392.873
393.18
393.121
392.55
392.399
392.779
392.714
392.714
392.714
392.714
392.714
392.714
392.714
392.714
393.772
393.577
392.735
392.466
392.262
391.647
391.671
391.813
391.916
392.073
392.527
392.477
392.389
392.945
392.761
392.314
392.247
392.576
392.849
392.367
392.653
392.712
393.106
392.413
392.512
392.5
392.776
392.901
392.515
392.442
392.701
392.611
392.69
392.79
392.543
392.713
392.476
392.587
392.797
392.708
393.254
393.355
392.85
392.695
392.514
392.607
393.445
393.445
393.445
393.445
393.445
440.082
439.159
438.705
439.14
439.062
439.591
439.805
440.89
440.046
440.485
440.425
441.682
441.402
441.749
441.152
440.352
439.802
440.297
440.485
440.954
441.151
440.515
439.849
438.581
438.686
439.611
439.676
439.362
439.045
438.996
439.169
439.188
439.814
439.763
440.137
439.712
439.949
439.148
438.897
438.632
439.214
438.978
439.299
438.692
439.027
438.832
438.932
438.258
438.648
438.328
438.52
438.14
438.986
439.441
440.398
440.948
440.639
440.598
439.705
439.355
439.162
439.57
439.731
440.586
440.449
440.211
439.344
439.119
439.143
439.584
439.946
440.199
440.186
440.145
439.791
439.886
439.889
440.362
440.126
439.873
439.667
439.814
439.808
440.43
440.019
440.104
439.859
439.628
439.49
439.489
440.037
440.192
439.845
439.367
439.067
438.828
439.424
439.637
440.02
439.799
439.479
439.545
439.514
439.514
439.514
439.514
439.514
439.514
439.514
439.514
393.964
393.472
393.253
392.767
392.098
391.59
391.144
391.316
391.878
391.976
392.207
392.185
392.156
392.594
393.342
392.794
392.271
392.898
393.114
393.673
392.55
392.812
393.403
392.965
392.526
392.018
392.214
392.965
392.54
392.476
392.818
392.954
392.831
392.737
392.423
392.715
392.339
392.501
392.573
392.54
392.804
393.137
392.827
393.058
392.704
392.595
393.246
393
392.758
392.687
392.533
392.857
392.895
393.143
392.896
392.612
392.49
392.525
392.581
392.574
392.283
392.303
392.701
392.774
392.464
392.561
392.669
392.346
392.434
392.423
393.116
392.989
392.985
392.584
392.292
392.583
392.775
392.661
392.675
392.414
392.83
392.705
392.872
392.375
392.545
392.647
392.871
393.032
392.978
392.635
392.792
392.588
392.651
392.751
392.732
392.551
392.902
392.722
392.689
392.58
392.58
392.58
392.58
589.737
589.601
589.856
588.687
588.357
587.645
587.731
588.179
588.345
588.5
588.446
588.073
588.295
588.056
587.723
588.172
588.341
588.1799999999999
588.522
589.389
589.511
589.508
589.045
588.726
588.351
588.063
588.323
589.03
589.3390000000001
589.251
589.183
589.3200000000001
588.973
588.25
587.727
587.121
587.276
587.444
587.349
587.481
587.321
587.5410000000001
587.72
587.707
587.987
587.951
587.606
587.655
587.537
587.3920000000001
587.279
587.374
587.572
587.566
587.684
587.823
587.989
588.076
587.797
587.855
587.907
587.628
587.609
587.6900000000001
587.686
587.823
588.019
587.798
587.928
587.825
587.702
587.779
587.784
587.759
587.744
587.742
587.8150000000001
587.893
587.605
587.671
587.726
587.8099999999999
587.746
587.6799999999999
587.6
587.74
587.8150000000001
587.727
587.873
587.879
588.099
587.772
588.0549999999999
588.115
587.9589999999999
587.78
587.553
587.749
587.915
587.952
588.127
588.388
588.327
588.359
587.849
587.849
587.849
587.849
587.849
525.49
525.064
524.998
525.275
525.59
525.3819999999999
524.724
525.042
524.817
524.218
524.582
524.2809999999999
524.5410000000001
524.851
525.117
524.771
525.16
525.412
525.9160000000001
526.754
526.764
527.011
527.039
526.39
525.943
525.141
525.006
525.006
525.327
525.636
525.8390000000001
526.081
526.338
526.34
526.538
526.148
524.958
524.056
524.385
525.015
524.9829999999999
524.568
524.741
524.247
524.704
524.908
525.15
524.994
525.21
524.9450000000001
525.218
525.292
525.533
525.496
524.955
524.9829999999999
524.98
524.787
524.638
524.4589999999999
523.441
523.454
523.53
524.0650000000001
524.314
523.956
524.027
524.313
524.761
524.595
524.985
525.034
525.311
525.351
525.456
525.634
525.046
523.563
522.523
523.205
523.857
524.004
524.174
523.635
523.655
523.436
523.885
523.921
523.39
523.033
523.207
523.635
523.628
523.753
523.9
524.572
524.643
525.329
525.26
524.992
524.896
525.223
524.722
524.484
524.456
524.633
524.316
524.532
524.424
524.777
524.498
524.498
524.36
524.4880000000001
524.478
524.409
524.212
523.9589999999999
524.09
524.224
524.433
524.556
524.414
524.425
524.63
524.37
524.24
524.545
524.592
524.252
524.415
523.739
524.114
524.587
524.5069999999999
524.3049999999999
524.335
524.4589999999999
523.9349999999999
524.427
524.612
524.66
524.597
525.013
524.651
524.772
524.456
524.909
524.419
524.962
524.75
524.6420000000001
524.524
524.625
524.553
525.019
524.749
524.764
524.692
524.727
524.597
524.664
524.481
524.33
524.904
524.782
524.798
524.563
524.908
524.36
524.748
524.852
524.559
524.47
524.468
523.9109999999999
524.14
524.4299999999999
524.313
524.447
524.504
524.903
524.739
524.399
523.582
524.171
524.2910000000001
524.312
524.51
524.388
524.3150000000001
524.067
524.336
524.152
524.248
524.498
524.475
524.101
523.853
524.2910000000001
523.921
523.985
524.148
524.075
524.034
524.034
524.034
524.034
524.034
524.034
524.034
524.034
524.034
524.034
524.034
524.034
393.722
393.446
393.152
392.74
392.154
391.518
390.878
391.215
391.753
391.773
392.091
392.156
392.203
392.4
393.193
392.895
392.805
392.829
393.095
393.569
392.649
392.968
393.071
393.205
392.743
392.323
392.64
392.76
392.626
392.68
392.556
393.186
392.998
392.799
392.929
392.54
392.518
392.747
392.436
392.828
392.773
392.867
393.094
392.822
392.67
392.893
392.804
393.766
393.766
393.766
393.766
393.766
393.766
393.766
393.749
393.598
392.498
392.474
392.356
392.027
391.788
391.572
391.982
391.948
392.239
392.375
392.36
392.771
392.999
392.387
392.271
392.543
393.064
392.785
392.676
392.484
393.3
392.546
392.359
392.29
392.506
392.72
392.635
392.214
392.676
392.882
392.822
392.711
392.547
392.68
392.603
392.468
392.573
392.862
393.025
393.416
392.894
392.535
392.604
392.584
392.693
393.167
393.167
393.167
393.167
393.167
393.845
392.995
392.418
392.806
393.132
393.132
393.132
393.132
393.132
393.132
393.132
393.132
393.132
393.132
393.132
393.132
393.132
393.132
393.132
393.132
393.132
393.132
393.132
393.132
393.132
393.132
393.132
393.132
393.132
393.132
393.132
393.132
393.132
393.132
393.132
393.132
393.132
393.132
393.132
393.132
785.4690000000001
785.4690000000001
785.086
785.116
785.927
785.063
785.063
785.063
785.063
785.063
785.063
785.063
785.063
785.063
785.063
785.063
785.063
785.063
785.063
785.063
785.063
785.063
785.063
785.063
786.249
786.213
785.423
785.495
785.202
785.724
785.774
786.0650000000001
785.568
785.6609999999999
785.273
784.486
784.933
785.237
785.105
784.92
785.123
785.021
784.4690000000001
785.151
785.121
784.607
785.527
785.35
785.246
785.444
785.393
784.941
784.439
784.297
785.275
784.862
785.037
784.7140000000001
784.682
785.001
784.122
784.122
784.122
784.122
784.122
784.122
662.965
663.309
661.9829999999999
661.135
660.6900000000001
661.015
661.029
661.563
662.582
662.76
662.481
661.326
660.9160000000001
661.236
661.735
661.39
660.856
660.975
660.999
661.562
661.553
661.273
660.3150000000001
660.2140000000001
661.271
661.937
661.364
660.546
660.126
660.242
662.169
662.452
660.867
660.371
660.628
660.982
661.968
661.259
660.441
660.08
660.129
660.457
660.539
660.073
659.716
659.847
660.462
660.485
660.167
660.3
660.2670000000001
660.949
660.793
660.158
660.117
659.99
660.732
661.149
661.081
660.318
660.078
660.271
660.977
660.913
660.684
660.391
660.157
660.424
660.6609999999999
660.921
660.795
660.279
659.985
660.694
660.602
660.362
660.428
660.309
660.481
660.8049999999999
660.381
660.218
660.378
660.771
660.681
660.1900000000001
660.347
659.889
660.401
661.049
660.938
660.809
660.471
660.739
661.008
660.84
660.643
660.029
660.208
660.703
660.529
660.556
660.173
659.74
659.74
659.74
659.74
659.74
524.985
524.939
525.061
525.369
525.359
525.203
524.731
524.429
524.462
524.149
523.931
524.312
524.1369999999999
524.486
524.899
525.034
524.6849999999999
524.9160000000001
524.958
525.634
525.987
526.625
526.794
526.678
526.607
526.04
525.29
525.476
524.984
524.927
525.082
525.404
525.6130000000001
525.9
526.426
526.128
525.592
524.231
524.311
524.41
524.688
524.813
524.312
524.235
524.22
524.438
524.8390000000001
525.095
524.886
524.889
525.157
525.151
525.545
525.414
525.5599999999999
525.107
524.943
524.829
525.021
524.353
524.0069999999999
523.812
523.407
523.696
523.811
523.725
523.851
523.723
524.701
524.6369999999999
524.444
524.979
525.354
525.34
525.4450000000001
525.246
525.192
524.177
523.744
523.723
523.629
524.056
523.899
523.865
523.427
523.534
523.7809999999999
523.928
523.7910000000001
523.659
523.2089999999999
523.28
522.9829999999999
523.724
524.057
524.03
524.006
524.415
524.6079999999999
524.492
525.013
524.588
524.588
524.588
524.588
524.588
498.101
496.406
495.512
495.15
494.735
494.473
494.682
495.241
495.606
495.835
495.47
494.688
493.622
493.264
493.684
494.283
494.634
494.24
494.114
494.376
494.177
494.279
494.482
494.724
494.388
494.371
494.862
494.141
494.069
494.754
495.253
495.189
495.081
495.091
495.24
495.299
494.805
494.461
494.175
494.813
495.39
495.27
494.842
494.865
494.675
494.307
494.379
495.071
495.217
494.915
494.718
494.806
494.737
494.287
494.283
494.3
494.529
495.018
494.762
494.662
494.476
494.369
494.829
494.586
494.646
494.285
494.138
494.64
495.053
494.88
494.249
493.766
494.31
494.31
494.31
493.932
494.182
494.905
495.132
494.795
494.572
494.491
494.362
494.702
494.615
494.695
494.775
495.049
495.002
494.589
494.644
494.724
494.883
494.634
494.412
494.224
494.39
494.407
494.403
494.441
494.658
494.517
493.868
493.868
493.868
493.868
493.868
441.036
440.494
439.875
439.409
439.719
439.907
440.327
440.749
440.595
440.538
440.616
441.629
442.047
441.666
441.286
440.686
439.962
440.078
440.263
440.64
441.13
440.945
440.231
439.564
438.715
439.054
439.831
439.708
439.103
438.929
438.839
439.152
439.173
439.695
439.745
440.242
439.77
440.015
439.43
439.217
439.182
438.981
438.871
438.983
439.246
439.192
439.526
439.006
438.766
438.724
438.779
438.58
439.207
439.551
439.996
440.53
440.827
440.552
440.249
439.659
439.532
439.22
439.608
440.11
440.471
440.367
439.855
439.549
439.111
439.513
440.055
440.085
440.267
439.747
439.923
439.919
440.12
439.947
440.038
440.175
439.853
439.722
439.743
439.779
440.152
440.058
439.783
439.833
439.37
439.551
440.014
439.839
439.731
439.138
438.698
438.939
439.17
439.609
439.919
439.936
440.015
439.5
440.014
440.729
440.729
440.729
440.729
440.729
440.729
440.729
440.729
440.729
440.729
700.417
700.343
699.1900000000001
697.5549999999999
698.875
700.6420000000001
701.396
699.686
697.754
697.673
698.03
699.204
699.193
699.191
699.773
700.583
700.5650000000001
699.941
700.302
699.456
698.729
699.252
699.578
700.038
699.026
700.48
701.29
700.188
699.431
699.373
699.827
699.8390000000001
700.272
700.14
700.572
701.346
699.903
699.611
699.819
699.274
698.117
698.794
699.357
700.047
699.402
699.402
699.402
699.402
699.402
699.402
699.402
699.402
699.402
701.5069999999999
701.311
700.136
698.8579999999999
698.309
698.309
698.309
701.163
699.271
697.811
698.255
699.321
700.102
699.739
699.869
700.856
701.405
700.0119999999999
700.039
700.312
699.149
698.942
699.944
700.4
699.23
700.23
701.915
701.022
700.059
699.45
700.4400000000001
700.722
699.9930000000001
699.845
700.644
700.819
700.405
699.106
699.567
700.4349999999999
699.979
699.087
699.849
700.369
700.295
700.295
700.295
700.295
700.295
700.295
663.317
663.501
662.734
661.6420000000001
662.098
662.251
661.572
662.35
663.3920000000001
663.722
662.912
661.386
660.979
661.277
661.883
661.98
661.369
661.026
661.119
661.736
661.9
661.689
660.686
660.622
661.1849999999999
661.96
661.373
660.523
660.26
661.045
662.5650000000001
662.907
660.9640000000001
660.502
660.803
661.182
661.833
661.442
660.751
659.836
660
660.544
660.701
660.467
660.0599999999999
659.913
660.331
660.706
660.377
659.947
660.074
660.528
660.812
660.4160000000001
660.386
660.343
660.6
661.309
661.043
660.371
660.503
660.338
660.872
661.319
661.107
660.535
660.2859999999999
660.059
660.563
660.922
660.853
660.292
660.153
660.669
660.857
660.54
660.391
660.26
660.633
660.774
660.241
660.16
660.038
660.602
660.912
660.477
660.598
660.021
660.3200000000001
661.086
660.843
660.6660000000001
660.4589999999999
660.769
661.25
661.025
660.623
660.172
660.082
660.527
660.675
659.431
659.431
659.431
659.431
659.431
659.431
525.5
525.249
525.085
525.3
525.316
524.796
524.5839999999999
524.366
524.393
523.973
524.455
524.38
524.547
524.801
525.181
524.848
524.648
525.051
525.3579999999999
526.479
526.645
526.975
526.79
526.62
526.061
524.926
525.449
525.343
524.735
525.2089999999999
525.722
525.5940000000001
526.202
526.39
526.105
525.537
524.539
524.224
524.35
524.961
524.645
524.371
524.473
524.1849999999999
524.4589999999999
524.981
525.088
524.71
524.944
524.806
525.192
525.409
525.489
525.282
525.154
524.674
525.099
525.024
524.761
523.979
523.756
523.687
523.855
524.102
524.015
523.766
523.941
524.25
524.981
524.54
525.16
525.407
525.74
525.2910000000001
525.45
524.895
524.103
522.8819999999999
523.09
523.071
523.954
524.011
524.433
523.746
523.836
523.881
523.784
523.952
523.721
523.266
523.222
523.171
523.586
523.473
523.849
524.042
524.61
524.765
524.937
525.044
524.865
524.865
524.865
524.865
524.865
589.265
589.312
588.645
588.384
588.313
588.053
588.03
588.266
588.66
588.311
587.965
588.046
587.885
587.67
588.104
588.158
588.0359999999999
588.092
589.0549999999999
589.524
589.574
589.03
588.854
588.379
588.087
588.193
588.6420000000001
589.066
589.365
589.525
589.153
588.888
588.261
587.6319999999999
587.485
587.4160000000001
587.212
587.314
587.2089999999999
587.352
587.6559999999999
587.576
587.793
587.948
587.9160000000001
587.707
587.515
587.468
587.403
587.191
587.384
587.554
587.659
587.693
587.896
587.954
587.957
587.957
587.8150000000001
587.641
587.615
587.706
587.5700000000001
587.731
587.876
587.872
587.9059999999999
587.907
587.918
587.7430000000001
587.5
587.717
587.957
587.735
587.723
587.8099999999999
588.037
587.955
587.784
587.48
587.782
587.741
587.525
587.672
587.875
587.894
587.747
587.878
588
587.951
588.0119999999999
588.022
588.0940000000001
587.9640000000001
587.894
587.732
587.958
587.699
587.857
588.067
588.2089999999999
588.2670000000001
588.4349999999999
588.263
588.1079999999999
588.1079999999999
588.1079999999999
588.1079999999999
588.1079999999999
524.914
524.944
524.893
525.2670000000001
525.659
525.249
524.615
524.663
524.7910000000001
524.192
523.856
524.41
524.407
524.7430000000001
524.766
525.287
524.991
524.7910000000001
525.591
525.963
526.449
526.442
526.543
526.623
526.816
525.962
525.278
525.447
525.335
524.9400000000001
525.438
525.95
525.836
525.958
526.498
526.051
525.478
524.51
524.4450000000001
524.4160000000001
525.241
524.979
524.7
524.4640000000001
524.432
524.479
524.831
524.85
524.934
525.045
525.2859999999999
525.0839999999999
525.418
525.2569999999999
525.572
525.159
524.741
524.705
525.275
524.311
523.6609999999999
523.28
523.754
523.876
524.096
524.005
524.0170000000001
523.9450000000001
524.525
524.723
524.593
524.732
525.3200000000001
525.497
525.707
525.5119999999999
525.255
524.461
522.997
523.133
523.086
523.58
523.907
523.795
523.6
523.5599999999999
523.503
523.7910000000001
523.679
523.542
523.33
523.104
523.1609999999999
523.596
523.455
523.751
524.237
525.054
525.191
524.802
524.894
524.614
524.5549999999999
524.723
524.694
524.367
524.345
524.367
524.135
524.526
524.73
524.2190000000001
523.979
524.365
524.182
524.513
524.298
523.957
524.1420000000001
523.836
523.91
524.096
524.676
524.673
524.53
524.3680000000001
524.418
524.09
524.275
524.655
524.472
524.227
524.2
523.829
524.274
524.082
524.527
524.299
524.591
524.45
524.51
524.6369999999999
524.812
524.6180000000001
524.542
524.617
524.427
524.6130000000001
524.383
524.274
524.543
524.651
524.543
524.448
524.455
524.849
524.797
524.58
524.2190000000001
524.354
524.568
524.3390000000001
524.664
524.436
524.556
524.569
524.3579999999999
524.168
525.015
524.241
524.519
524.6799999999999
524.575
524.479
524.648
524.268
524.4880000000001
524.035
524.15
524.117
524.282
524.675
524.455
524.294
524.402
524.1900000000001
524.457
524.947
524.746
524.7
524.758
524.3200000000001
524.649
524.374
523.984
524.1420000000001
523.853
524.224
524.701
524.622
524.86
524.558
524.774
523.84
523.984
524.0890000000001
523.706
523.706
523.706
523.706
523.706
523.706
523.706
523.706
523.706
393.864
393.349
393.048
392.47
392.136
391.64
391.071
390.917
391.692
391.903
392.233
392.291
392.209
392.349
393.204
392.931
392.823
392.79
393.115
393.628
392.541
392.878
393.116
393.189
392.734
391.946
392.426
392.895
392.649
392.462
392.457
392.854
393.281
392.935
392.81
392.752
392.447
392.703
392.565
392.57
392.857
393.086
393.015
393.077
392.607
392.662
392.894
392.966
392.966
392.966
392.966
392.966
392.966
392.966
393.015
393.385
393.193
392.092
391.51
390.213
390.217
391.113
391.564
391.724
391.987
392.195
392.167
392.987
393.702
392.849
392.104
392.496
393.485
393.277
393.035
392.88
393.861
393.114
392.541
392.341
392.92
393
392.636
392.74
392.814
393.138
393.14
392.832
393.2
392.663
392.412
392.873
392.596
393.101
392.978
392.847
393.048
392.688
392.466
392.829
392.726
392.893
392.496
392.496
392.496
392.496
392.496
392.496
439.501
439.501
439.501
438.511
439.404
439.635
440.137
439.629
440.029
440.188
441.605
441.423
441.604
440.794
440.158
440.021
440.099
440.76
440.56
440.976
439.923
439.866
439.866
438.87
439.225
439.839
439.351
439.019
438.577
438.741
438.741
439.513
439.487
440.547
439.659
439.569
438.895
439.27
438.607
438.925
438.806
439.117
438.434
438.949
439.102
438.961
438.647
438.284
438.564
438.345
438.744
438.977
439.595
439.649
440.648
440.275
440.402
439.377
439.625
439.159
439.737
440.058
440.518
440.549
440.307
439.478
439.286
439.086
439.748
440.023
440.368
440.184
440.031
439.897
439.946
440.205
440.395
440.191
440.157
439.585
439.795
439.751
439.995
440.142
439.985
440.029
439.809
439.463
439.741
439.682
439.575
439.792
439.223
439.31
438.817
439.578
439.931
439.955
439.92
439.426
439.763
439.763
439.763
439.763
439.763
439.763
439.763
393.671
393.288
393.387
392.889
392.229
391.927
391.169
390.875
391.521
391.974
392.323
392.496
392.272
392.687
393.352
392.988
392.64
392.623
393.338
393.709
392.68
392.819
392.82
393.131
392.721
392.433
392.544
393.094
393
392.499
392.334
392.686
392.796
392.982
392.754
392.676
392.564
392.517
392.749
392.62
392.675
393.143
392.974
392.746
392.757
392.525
392.919
392.924
392.723
392.65
392.672
392.583
392.726
392.965
393.1
392.815
392.46
392.542
392.837
392.623
392.222
392.185
392.487
392.739
392.668
392.682
392.637
392.562
392.521
392.523
392.977
393.217
393.147
392.491
392.184
392.223
392.462
392.624
392.814
392.574
392.841
393.142
392.773
392.599
392.364
392.609
392.858
392.81
392.787
392.637
392.66
392.782
392.548
392.795
392.776
392.519
393.129
392.59
392.682
392.548
392.548
392.548
392.548
392.548
392.548
525.498
525.434
525.153
525.153
525.0700000000001
524.86
524.487
524.426
524.072
523.674
523.59
524.074
523.9880000000001
524.224
524.4450000000001
525.0410000000001
524.759
524.621
524.727
525.4059999999999
526.074
526.574
526.924
526.269
525.9160000000001
525.601
524.889
524.889
524.888
524.896
525.086
525.803
525.51
525.994
526.17
526.063
525.542
524.343
524.298
524.2380000000001
524.793
524.497
524.7329999999999
524.2619999999999
524.353
524.596
524.87
525.001
524.992
524.938
524.967
525.229
525.399
525.2809999999999
525.1950000000001
525.158
524.713
525.1079999999999
525.181
524.508
523.6079999999999
523.6319999999999
523.537
523.7569999999999
524.01
523.999
523.845
523.841
524.207
524.716
524.354
525.0170000000001
525.33
525.664
525.546
525.322
525.0069999999999
524.253
522.9930000000001
523.48
523.372
524.081
524.085
523.98
523.625
524.121
523.982
523.825
523.837
523.053
522.931
522.971
522.691
523.359
523.2569999999999
523.792
524.093
524.8339999999999
525.149
525.01
524.8099999999999
524.909
524.909
524.909
524.909
524.909
497.156
496.295
495.592
494.699
494.656
495.297
495.54
495.609
495.361
495.22
494.878
493.917
493.405
493.651
494.054
494.381
494.417
494.094
493.778
494.013
494.212
494.359
494.725
494.848
494.455
494.278
494.466
494.376
494.599
494.635
495.004
494.713
494.908
495.079
495.295
495.712
495.279
494.864
494.388
494.427
494.634
495.02
494.849
494.553
494.307
494.071
494.421
494.796
495.257
495.147
494.829
494.899
494.722
494.21
494.041
494.262
494.506
494.83
494.636
494.712
494.664
494.413
494.523
494.297
494.17
494.051
494.445
494.963
495.066
494.755
494.496
494.178
494.449
494.449
494.449
494.449
494.073
494.75
495.044
494.984
494.459
494.575
494.741
494.732
494.639
494.924
495.442
495.147
494.846
494.615
494.602
494.818
494.8
494.467
494.694
494.522
494.494
494.314
494.237
494.597
494.464
494.281
493.941
494.259
494.285
494.057
494.31
494.406
494.137
494.052
493.971
494.251
494.465
494.496
494.412
494.159
494.11
494.21
494.256
494.577
494.469
494.388
494.35
494.382
494.738
494.561
494.498
494.788
494.497
494.248
494.331
494.482
494.695
494.554
494.563
495.124
494.801
494.38
493.985
494.123
494.597
494.479
494.423
494.493
494.323
494.357
493.793
493.912
494.238
494.172
494.14
494.284
494.533
494.312
494.034
494.017
494.139
494.29
494.423
494.329
494.678
494.522
494.129
494.083
493.876
494.184
494.307
494.286
494.655
494.31
493.75
493.86
493.891
494.206
494.332
494.289
494.586
494.506
493.78
493.663
493.617
494.071
494.463
494.147
494.412
494.331
494.034
494.001
494.075
494.248
494.469
494.176
494.365
494.699
494.119
494.034
493.565
493.969
494.373
494.185
494.544
494.596
494.658
494.81
494.241
494.418
494.747
494.454
495.145
495.036
495.303
495.303
495.303
495.303
495.303
495.303
495.303
393.665
393.283
393.18
392.848
392.259
391.983
391.305
391.279
391.108
391.593
391.84
392.402
392.297
392.278
393.042
393.393
392.626
392.451
392.958
393.335
392.858
392.685
392.681
393.311
392.51
392.229
392.098
392.587
393.048
392.388
392.371
392.823
392.852
392.992
392.737
392.521
392.539
392.275
392.493
392.69
392.862
393.343
393.425
392.701
392.607
392.429
392.61
393.242
393.242
393.242
393.242
393.242
393.242
393.242
393.482
393.349
393.494
392.683
391.784
390.787
390.274
390.133
391.271
391.559
391.938
392.11
392.078
392.386
393.244
392.835
392.283
392.618
392.983
393.533
392.702
392.89
393.788
393.183
392.709
392.076
392.59
392.595
392.589
392.248
392.656
392.933
392.702
392.59
392.653
392.584
392.64
392.525
392.485
392.807
392.632
393.014
392.897
392.645
392.461
392.495
392.437
394.382
394.382
394.382
394.382
394.382
394.382
438.993
438.993
438.993
438.993
439.15
439.15
440.229
439.412
440.034
440.714
441.769
441.231
441.221
440.513
440.271
439.964
440.237
440.437
440.757
440.859
440.287
439.43
438.718
438.711
439.55
439.321
438.618
438.733
438.867
438.94
438.876
439.048
439.579
440.557
439.787
439.746
438.82
438.976
438.853
438.951
438.93
439.143
438.321
439.152
438.881
439.056
438.193
438.416
438.3
438.595
438.343
439.168
439.409
440.163
440.764
440.583
440.343
439.446
439.448
439.202
439.806
440.203
440.578
440.476
440.014
439.254
439.204
439.164
439.868
440.018
440.112
439.968
439.723
439.792
440.061
440.114
440.246
439.754
439.766
439.643
439.974
439.956
439.878
440.025
439.932
439.816
439.663
439.32
439.846
440.032
439.841
439.913
439.085
439.239
439.166
439.587
439.863
439.884
439.836
439.412
439.431
439.642
439.642
439.642
439.642
439.642
439.642
439.642
394.381
393.42
393.335
392.793
392.321
392.036
391.612
391.157
391.185
391.549
391.9
392.286
392.388
392.214
392.986
393.339
392.82
392.415
392.984
393.308
392.992
392.542
392.906
393.604
392.819
392.254
392.442
392.657
393.061
392.772
392.556
393.077
392.955
392.743
392.741
392.626
392.556
392.732
392.685
392.894
392.798
392.897
393.296
393.001
392.551
392.664
392.67
393.041
393.008
392.684
392.644
392.455
392.658
393.067
393.255
392.735
392.687
392.517
392.567
392.671
392.259
392.175
392.246
392.599
392.614
392.618
392.663
392.79
392.43
392.566
392.58
392.985
393.218
392.643
392.442
392.23
392.527
392.479
392.545
392.882
392.714
393.106
393.015
392.66
392.587
392.893
392.674
392.99
392.806
392.744
392.671
392.844
392.842
392.768
392.647
392.929
392.901
393.022
392.779
392.739
393.265
393.265
393.265
393.265
589.566
589.751
589.62
589.002
588.033
587.975
587.753
587.961
588.224
588.364
588.2859999999999
588.057
587.994
587.842
587.924
587.996
588.234
588.264
588.825
589.374
589.563
589.347
588.936
588.701
588.505
588.095
588.232
588.6180000000001
589.133
589.3680000000001
589.575
588.965
588.703
587.941
587.595
587.484
587.352
587.333
587.285
587.348
587.408
587.854
587.83
587.95
587.879
587.779
587.641
587.655
587.496
587.207
587.11
587.466
587.813
587.7380000000001
587.701
587.838
588.047
587.999
587.927
587.847
587.742
587.567
587.557
587.5309999999999
587.8579999999999
587.782
587.867
587.934
587.889
587.8150000000001
587.777
587.578
587.765
587.818
587.843
587.8579999999999
587.893
587.901
587.852
587.752
587.723
587.6660000000001
587.587
587.635
587.676
587.938
587.813
587.801
587.828
587.795
587.899
588.025
588.033
587.9160000000001
588.003
587.726
587.7910000000001
587.8579999999999
588.044
587.978
588.026
588.054
588.255
588.522
588.522
588.522
588.522
588.522
525.987
525.231
525.163
525.595
525.497
525.1900000000001
525.157
524.779
524.429
524.302
523.963
524.3049999999999
524.169
524.343
524.6799999999999
525.064
524.975
525.032
525.023
525.833
526.5700000000001
526.503
526.933
526.568
526.186
525.755
524.9160000000001
525.885
525.394
524.999
525.348
525.832
525.89
526.205
526.519
526.1849999999999
525.789
524.5309999999999
524.447
524.34
524.976
524.734
524.836
524.498
524.451
524.768
525.048
525.096
524.956
524.9109999999999
525.072
525.227
525.611
525.333
525.199
524.953
524.697
524.8339999999999
525.184
524.878
524.225
523.876
523.626
523.972
524.218
524.014
523.904
523.939
524.697
524.465
524.121
524.775
525.313
525.437
525.691
525.524
524.928
523.99
523.197
523.438
523.399
523.8819999999999
523.884
523.758
523.621
523.63
523.952
524.223
524.051
523.588
523.2910000000001
523.532
523.111
523.623
523.782
524.356
524.2619999999999
525.276
524.999
524.977
524.838
524.787
524.412
524.404
524.2140000000001
524.361
524.119
524.27
524.205
524.264
523.9829999999999
524.436
524.0890000000001
524.443
524.032
524.1950000000001
524.042
523.977
523.9160000000001
524.178
524.263
523.922
524.081
524.146
524.951
524.647
524.752
524.7569999999999
524.729
524.455
524.515
524.332
524.548
524.124
524.203
524.383
524.2430000000001
524.3049999999999
524.612
524.615
524.167
524.681
524.525
524.682
524.476
524.235
524.554
524.871
524.367
524.444
524.545
524.633
524.664
524.244
524.628
524.773
524.568
524.463
524.765
524.388
524.8440000000001
524.39
524.9109999999999
524.357
524.663
525.197
524.9930000000001
524.311
524.2809999999999
523.872
524.6559999999999
524.875
524.5549999999999
524.967
524.628
524.438
524.4640000000001
524.015
524.123
524.54
524.394
524.48
524.104
524.454
524.002
524.5
524.385
524.529
524.668
524.792
524.364
524.45
523.975
524.359
524.376
524.2
524.58
524.41
523.918
524.274
523.932
524.771
525.192
524.849
524.62
524.62
524.62
524.62
524.62
524.62
524.62
524.62
524.62
524.62
524.62
524.62
524.62
393.916
393.294
393.142
392.475
392.076
391.278
391.231
391.305
391.855
391.895
392.344
392.276
392.198
392.679
393.387
392.708
392.341
392.888
392.975
393.319
392.617
392.927
393.488
392.737
392.806
392.106
392.622
392.809
392.387
392.25
392.533
392.764
392.937
392.572
392.53
392.7
392.325
392.708
392.696
392.646
392.93
393.204
392.757
392.89
392.396
392.486
392.753
392.753
392.753
392.753
392.753
392.753
392.753
394.018
393.696
393.483
392.856
392.789
392.333
391.827
391.52
391.636
392.225
392.392
392.718
392.507
392.431
393.036
392.932
392.47
392.517
392.827
393.219
392.53
392.536
392.684
393.081
392.672
392.654
392.654
392.928
392.854
392.153
392.423
392.862
392.845
392.65
392.628
392.551
392.708
392.46
392.638
392.573
392.591
393.105
393.148
392.939
392.685
392.291
392.611
392.642
393.127
393.127
393.127
393.127
393.127
393.818
393.818
393.818
393.818
393.818
393.818
393.818
393.818
393.818
393.818
393.818
393.818
393.818
393.818
393.818
393.818
393.818
393.818
393.818
393.818
393.818
393.818
393.818
393.818
393.818
393.818
393.818
393.818
393.818
393.818
393.818
393.818
393.818
393.818
393.818
393.818
393.818
393.818
393.818
393.818
393.818
393.818
393.818
393.818
393.818
393.818
786.0599999999999
786.0599999999999
786.0599999999999
786.0599999999999
786.0599999999999
786.0599999999999
786.0599999999999
786.0599999999999
786.0599999999999
786.0599999999999
786.0599999999999
786.0599999999999
786.0599999999999
786.0599999999999
786.0599999999999
785.878
785.672
785.8099999999999
785.818
786.272
785.831
785.919
785.415
785.139
785.952
785.45
785.292
785.5069999999999
785.225
785.022
785.491
785.6079999999999
785.558
785.335
785.3680000000001
785.674
784.819
785.072
785.25
785.202
785.5650000000001
785.789
785.002
784.968
785.423
785.449
785.126
785.148
784.668
785.216
785.138
785.501
785.234
784.924
785.669
785.669
785.669
785.669
785.669
661.655
663.216
662.992
661.735
660.975
660.86
661.269
660.917
661.611
661.8869999999999
662.852
662.703
661.463
661.299
660.961
660.903
661.676
661.453
661.951
661.688
660.974
660.516
660.749
660.869
661.7619999999999
661.776
661.117
660.1
659.933
660.612
661.705
662.024
661.4589999999999
660.37
660.423
660.76
661.224
660.872
660.597
660.623
660.564
660.452
660.138
659.732
660.223
660.3680000000001
660.758
660.418
660.019
660.028
660.324
660.771
660.53
660.04
660.043
660.681
661.0549999999999
660.947
660.33
660.1369999999999
660.276
660.785
661.292
660.708
660.167
660.203
660.456
660.812
660.3869999999999
660.155
660.111
660.2670000000001
660.706
660.564
660.475
660.494
659.891
660.575
660.576
660.4109999999999
660.492
660.466
661.035
660.706
660.013
660.0119999999999
659.98
660.398
660.744
660.499
660.2670000000001
660.442
660.779
661.296
661.03
660.431
660.6319999999999
660.468
660.736
660.903
660.42
660.097
660.163
660.38
660.38
660.38
660.38
660.38
660.38
660.38
525.247
525.134
525.503
525.277
525.097
524.784
524.722
524.321
523.915
524.0890000000001
523.909
524.409
524.954
524.952
525.026
524.816
524.697
524.965
525.7569999999999
526.4160000000001
526.191
526.638
526.728
525.736
525.726
525.399
525.492
525.043
524.849
525.151
525.6900000000001
525.883
526.369
526.333
525.897
525.095
524.215
524.384
524.869
524.353
524.532
524.169
524.274
524.289
524.662
524.7089999999999
525.034
525.085
525.004
524.919
525.424
525.3920000000001
525.736
525.308
525.124
524.917
525.086
524.88
524.4690000000001
523.173
523.629
523.754
524.048
524.352
524.183
523.7089999999999
523.974
524.158
524.385
524.513
525.0839999999999
525.4349999999999
525.548
525.603
525.5359999999999
525.046
523.65
523.139
523.004
523.251
524.154
524.205
523.8049999999999
523.746
523.4930000000001
523.841
524.0599999999999
523.928
523.5650000000001
523.115
523.473
523.645
523.8680000000001
523.718
524.104
523.96
524.699
524.954
524.875
524.973
524.973
524.973
524.973
524.973
497.688
496.938
496.351
495.632
495.319
494.914
495.243
495.391
495.623
495.277
495.094
494.72
493.83
493.357
493.838
494.245
494.191
494.684
494.265
493.759
493.572
494.322
494.795
494.644
494.299
494.213
494.078
494.109
494.517
494.433
494.777
494.917
494.96
494.817
494.919
495.654
495.697
495.107
494.269
494.108
494.479
494.725
495.018
495.006
494.531
494.383
494.541
494.591
494.836
495.237
494.941
494.967
494.756
494.381
494.242
494.531
494.47
495.143
494.802
494.698
494.711
494.47
494.53
494.355
494.421
494.379
494.658
495.018
494.942
494.799
494.587
494.645
494.291
494.291
494.291
494.291
494.291
494.634
494.856
494.898
495.131
494.959
494.621
494.691
494.577
494.863
495.227
495.057
494.796
494.59
494.655
495.023
494.449
494.583
494.599
494.919
494.401
494.121
494.47
494.524
494.355
494.053
493.851
493.018
493.018
493.018
493.018
493.018
440.651
440.432
439.729
439.47
439.564
439.896
440.335
440.881
440.5
440.541
440.664
441.694
441.775
441.694
441.105
440.37
440.058
440.106
440.311
440.591
440.883
441.114
440.223
439.252
438.813
439.491
439.513
439.547
438.944
438.879
438.851
439.221
439.501
439.849
440.131
440.39
439.575
439.599
439.482
439.374
439.086
438.971
439.171
438.777
439.293
439.431
439.254
438.697
438.704
438.769
438.464
438.763
439.275
439.593
440.091
440.674
440.663
440.525
439.883
439.559
439.223
439.32
439.738
440.147
440.541
440.252
439.61
439.313
438.886
439.317
440
440.039
440.261
439.763
439.817
440.012
440.176
440.166
440.167
440.031
439.803
439.565
439.737
439.877
439.985
439.892
439.863
439.703
439.453
439.823
440.006
440.02
440.017
439.699
439.519
439.196
439.261
439.574
439.825
440.129
440.043
439.614
439.965
439.965
439.965
439.965
439.965
439.965
439.965
439.965
439.965
439.965
701.402
699.722
699.832
699.223
697.978
700.545
702.063
700.244
698.247
697.621
698.096
698.621
698.939
699.22
699.871
699.932
700.242
699.7089999999999
699.992
699.746
699.4349999999999
698.516
699.765
700.198
699.4109999999999
700.3630000000001
701.404
700.11
699.73
699.2569999999999
699.505
700.836
700.245
700.274
700.423
701.352
700.65
699.3869999999999
699.505
699.7670000000001
699.433
698.251
699.0940000000001
699.272
699.399
699.399
699.399
699.399
699.399
699.399
699.399
699.399
699.399
699.399
700.873
700.899
700.403
698.8200000000001
700.201
702.104
702.048
699.7910000000001
698.269
698.396
698.748
699.558
699.699
699.777
699.991
700.367
700.014
700.0119999999999
700.242
699.46
698.599
699.075
699.779
699.122
698.827
701.401
701.471
700.353
699.5170000000001
699.442
700.579
700.415
700.509
700.396
700.748
701.225
699.508
699.193
699.982
699.903
698.5
698.915
699.028
698.876
698.423
698.423
698.423
698.423
698.423
662.067
663.221
662.433
662.2910000000001
661.95
662.0170000000001
661.629
661.456
662.506
663.702
663.413
661.7910000000001
660.482
660.693
661.384
662.143
662.139
661.431
660.833
660.73
661.362
661.677
661.782
660.946
660.708
661.279
661.942
661.461
660.3440000000001
659.91
661.079
662.367
661.9690000000001
661.225
660.394
660.59
660.734
661.171
661.2619999999999
660.718
660.317
659.986
660.607
660.572
660.224
659.982
660.001
660.4109999999999
660.804
660.7329999999999
660.086
660.018
660.2
660.951
660.855
660.394
660.24
660.205
660.633
660.776
660.627
660.46
660.422
660.574
660.83
660.986
660.312
660.249
660.225
660.627
661.316
660.472
659.968
660.415
660.369
661.0599999999999
660.577
660.422
660.2619999999999
660.458
661.1799999999999
660.699
660.478
660.02
660.074
661.157
660.971
660.303
660.37
659.913
660.895
661.139
660.414
660.568
660.33
660.917
661.756
661.0839999999999
660.37
660.215
660.091
660.674
660.674
660.674
660.674
660.674
660.674
525.417
525.076
525.018
525.568
525.272
525.026
524.8339999999999
524.654
524.194
524.054
524.127
523.947
524.3920000000001
524.8440000000001
525.024
524.966
524.865
525.014
525.062
525.671
526.438
526.2
526.653
526.609
525.737
525.441
525.169
525.355
524.9640000000001
524.985
525.127
525.717
525.939
526.365
526.515
525.973
524.803
524.261
524.448
524.754
524.121
524.697
524.302
524.439
524.349
524.693
524.725
525.077
525.178
525.164
525.052
525.376
525.399
525.626
525.229
525.072
524.732
524.838
525.047
524.75
523.586
523.956
523.812
524.173
524.364
524.151
523.718
524.107
524.401
524.799
524.957
524.918
525.245
525.433
525.335
525.146
525.173
524.019
523.337
523.154
523.033
523.794
523.832
523.625
523.7
523.491
523.651
523.752
523.4829999999999
523.367
522.938
523.133
523.143
523.0700000000001
523.171
524.018
524.639
525.045
524.851
524.502
524.403
524.403
524.403
524.403
524.403
589.082
589.7809999999999
589.775
588.587
588.063
587.9589999999999
587.904
587.924
588.289
588.491
588.015
587.989
588.018
587.696
587.744
587.984
588.216
588.1900000000001
588.5119999999999
589.033
589.417
589.4109999999999
589.019
588.481
588.182
588.034
588.346
588.802
589.1559999999999
589.5549999999999
589.597
589.181
588.798
588.044
587.535
587.319
587.316
587.389
587.321
587.404
587.303
587.803
587.987
587.855
587.917
587.814
587.649
587.518
587.496
587.467
587.162
587.2569999999999
587.631
587.779
587.928
587.745
587.895
588.015
587.918
587.857
587.7329999999999
587.651
587.71
587.593
587.74
587.954
587.741
587.8150000000001
587.985
587.861
587.819
587.702
587.603
587.731
587.976
587.819
587.845
587.776
587.83
587.772
587.592
587.6900000000001
587.842
587.515
587.647
587.846
587.926
587.821
587.957
587.995
587.912
587.845
588.015
588.026
587.812
587.768
587.746
587.885
588.096
587.928
587.92
588.259
588.378
588.37
587.933
587.933
587.933
587.933
587.933
587.933
525.393
524.8680000000001
525.123
525.972
525.253
524.984
524.788
524.619
524.47
523.77
523.976
524.164
524.6369999999999
524.852
525.2569999999999
525.398
525.018
525.027
525.213
526.1799999999999
526.117
526.165
526.572
526.184
525.6
525.681
525.643
525.776
525.224
524.776
525.4059999999999
525.679
525.986
526.151
526.013
525.853
525.123
524.3049999999999
524.4160000000001
525.009
524.562
524.744
524.479
524.172
524.516
524.674
524.784
525.1
525.049
524.96
525.169
525.296
525.673
525.323
525.467
525.109
524.933
525.019
524.78
524.236
522.9930000000001
523.491
523.822
524.1950000000001
524.338
523.85
523.691
523.629
524.331
524.313
524.793
524.952
525.569
525.085
525.218
525.27
524.981
523.902
523.032
522.853
523.0309999999999
523.9299999999999
523.8819999999999
523.864
523.561
523.58
523.797
523.898
523.979
523.264
523.2190000000001
523.603
523.471
523.501
523.359
524.323
524.338
524.723
525.016
524.713
524.374
524.491
524.752
524.726
524.5069999999999
524.212
523.76
524.077
523.912
524.581
524.486
524.676
524.544
524.644
524.289
524.5650000000001
523.9589999999999
524.144
523.84
523.939
523.883
524.008
524.244
524.5940000000001
524.522
524.801
524.279
523.926
524.0890000000001
524.139
524.51
524.282
524.623
524.304
524.193
524.443
524.46
524.394
524.268
524.088
524.6900000000001
524.45
524.436
524.5549999999999
524.456
524.444
524.197
524.295
524.5940000000001
524.53
524.312
524.428
524.274
524.759
524.449
524.894
524.482
524.547
524.489
524.458
524.296
524.51
523.909
524.351
524.497
524.35
524.5309999999999
524.357
524.438
524.231
524.377
524.838
524.455
524.222
524.758
524.1950000000001
524.591
524.401
524.223
524.552
524.074
524.12
524.235
524.4640000000001
524.355
524.198
524.228
524.6420000000001
524.2
524.4880000000001
524.188
524.29
524.215
524.215
524.312
524.313
524.1660000000001
524.6559999999999
524.051
524.165
524.112
523.971
524.526
524.734
524.465
524.465
524.465
524.465
524.465
524.465
524.465
524.465
524.465
524.465
524.465
393.629
393.071
393.003
392.449
392.191
391.401
391.138
391.172
391.767
391.741
392.217
392.31
392.322
392.952
393.631
392.81
392.482
392.842
393.014
393.314
392.579
392.789
393.473
392.802
392.89
392.052
392.501
392.776
392.402
392.216
392.6
392.797
392.788
392.473
392.412
392.573
392.385
392.586
392.606
392.54
392.983
393.401
392.865
392.908
392.397
392.555
392.8
392.8
392.8
392.8
392.8
392.8
393.887
392.967
392.636
392.552
392.323
391.863
391.49
390.721
390.366
391.196
391.339
391.717
391.816
391.815
392.108
392.949
392.564
392.477
392.605
393.04
393.818
392.397
392.667
392.919
392.731
392.583
391.998
392.309
392.625
392.515
392.087
392.548
392.742
393.095
392.791
392.553
392.634
392.352
392.471
392.577
392.448
392.743
393.026
392.734
392.726
392.457
392.45
392.793
392.005
392.005
392.005
392.005
392.005
392.005
439.281
439.281
439.281
438.873
439.547
440.262
440.233
439.989
440.086
440.924
441.72
441.688
441.342
441.099
440.188
439.868
439.843
440.573
440.705
440.992
439.85
439.795
438.189
438.572
439.006
439.717
439.129
438.677
438.604
439.083
439.054
439.47
439.348
440.173
439.917
439.622
439.511
439.202
438.809
439.249
439.206
439.23
438.72
438.674
439.167
438.313
438.606
438.107
438.615
437.812
438.508
438.67
439.811
439.871
440.965
440.481
440.39
439.991
439.354
439.583
439.496
440.026
440.621
440.387
440.219
439.503
438.933
439.338
439.661
440.319
440.123
440.26
439.961
439.842
439.896
440.032
440.233
440.432
439.894
439.951
439.425
439.718
439.965
440.052
440.027
439.701
439.257
439.552
439.514
440.07
439.861
439.767
439.078
438.89
439.168
439.623
439.716
439.947
439.728
439.25
439.521
439.521
439.521
439.521
439.521
439.521
439.521
439.521
439.521
393.713
393.189
392.897
392.69
392.118
391.461
391.122
391.274
391.639
391.861
392.033
392.295
392.342
392.866
393.464
392.88
392.475
393.158
393.128
393.371
392.32
392.837
393.627
392.962
392.747
392.324
392.552
392.862
392.738
392.292
392.631
393.026
392.729
392.789
392.84
392.714
392.906
392.65
392.447
392.983
392.682
393.171
392.998
392.602
392.524
392.609
392.822
393.01
392.835
392.782
392.891
392.735
392.75
393.116
392.712
392.706
392.522
392.468
392.58
392.472
392.189
392.234
392.675
392.64
392.645
392.595
392.768
392.51
392.418
392.318
392.98
392.955
392.643
392.513
392.238
392.613
392.71
392.669
392.673
392.791
392.953
393.02
392.614
392.369
392.511
392.298
392.806
392.914
393.001
393.097
392.912
392.665
392.735
392.409
392.879
392.832
392.738
392.538
391.975
392.073
392.073
392.073
392.073
392.073
392.073
525.535
525.204
524.872
525.204
525.057
524.766
524.522
524.149
523.989
523.591
523.768
523.937
524.1660000000001
524.837
524.978
525.102
524.926
524.603
524.938
525.676
526.266
526.136
526.398
526.398
526.398
525.231
525.259
525.317
525.081
525.005
525.136
525.686
525.884
526.227
526.321
525.735
525.123
524.3920000000001
524.331
524.5890000000001
524.249
524.569
524.072
524.2329999999999
524.327
524.553
524.732
524.9640000000001
525.15
525.172
525.0359999999999
525.372
525.285
525.59
525.086
525.077
524.798
524.999
525.004
524.566
523.4640000000001
523.764
523.748
524.1130000000001
524.275
524.062
523.641
523.9450000000001
524.424
524.965
524.9059999999999
524.837
525.414
525.653
525.45
524.923
524.823
523.8200000000001
523.184
522.851
523.508
524.096
523.878
523.558
523.442
523.557
523.921
524.0119999999999
523.955
523.452
523.048
523.596
523.4160000000001
523.256
523.376
523.854
524.482
525.119
525.051
524.936
524.749
524.749
524.749
524.749
524.749
498.217
497.304
495.937
495.655
494.791
494.148
494.832
495.164
495.811
496.011
495.704
495.055
494.048
493.284
493.586
494.083
494.462
494.843
494.654
494.103
493.756
493.776
494.601
494.883
494.663
494.605
494.251
494.095
494.017
494.09
494.954
495.311
495.381
494.867
494.94
495.13
495.161
494.795
494.463
494.193
494.977
495.503
495.618
494.985
494.854
494.723
494.325
494.661
494.898
495.039
494.958
494.816
494.847
494.759
494.334
494.348
494.506
494.531
494.519
494.805
494.849
494.941
494.8
494.64
494.445
494.273
494.428
494.658
494.551
494.638
494.654
494.598
494.129
494.129
494.129
494.129
494.129
494.848
494.818
495.047
495.376
495.068
494.637
494.477
494.356
494.936
494.956
494.883
494.663
494.874
494.846
494.883
494.516
494.472
494.66
494.618
494.244
494.319
494.497
494.675
494.442
494.063
494.334
494.235
494.088
493.9
493.73
494.199
494.262
494.196
494.115
494.027
494.144
494.354
494.176
493.927
493.819
494.281
494.512
494.731
494.41
494.362
494.424
494.523
494.227
494.234
494.529
494.504
494.496
494.265
494.621
494.642
494.409
494.352
494.303
494.656
494.904
494.651
494.7
494.539
494.342
493.991
493.772
494.119
494.384
494.501
494.287
494.428
494.262
494.018
494.103
494.251
494.555
494.272
494.244
494.471
494.315
493.981
493.756
494.062
494.097
494.582
494.201
494.497
494.329
494.033
494.165
493.843
494.133
494.337
494.323
494.549
494.635
494.183
493.748
493.883
493.946
494.172
494.292
494.325
494.693
494.006
493.833
493.995
494.138
494.508
494.089
494.599
494.532
494.312
493.901
493.643
494.197
494.274
494.373
494.209
494.134
493.8
494.054
494.114
494.096
494.69
494.642
495.023
494.762
494.558
494.385
494.396
494.893
494.802
495.11
495.11
495.11
495.11
495.11
495.11
495.11
394.769
393.687
393.275
393.06
392.659
392.079
391.492
391.067
391.305
391.789
391.797
392.039
392.13
392.139
392.398
393.247
392.93
392.933
392.895
393.152
393.486
392.648
392.93
393.225
393.31
392.775
392.162
392.572
392.756
392.49
392.42
392.359
393.077
393.013
392.734
392.912
392.586
392.418
392.717
392.391
392.803
392.84
392.92
393.092
392.75
392.547
392.799
392.791
393.73
393.73
393.73
393.73
393.73
393.73
393.73
393.611
393.561
392.914
391.802
391.524
390.922
391.028
391.724
391.865
392
392.187
392.131
392.18
392.741
392.975
392.368
392.104
392.597
393.327
392.959
392.684
392.71
393.49
392.779
392.46
392.263
392.721
392.703
392.447
392.6
392.743
392.861
393.168
392.797
392.804
392.56
392.405
393.254
393.001
392.899
393.411
393.226
392.95
392.908
392.403
392.741
392.761
392.761
392.761
392.761
392.761
392.761
392.761
438.828
438.828
438.57
438.57
439.796
439.992
440.149
439.554
440.257
440.912
441.511
441.352
441.191
440.222
440.165
440.075
440.282
440.478
440.933
440.716
439.994
438.939
438.441
438.973
439.351
439.273
438.797
439.041
438.592
439.137
439.282
439.543
439.927
440.56
439.436
439.487
439.053
438.887
438.66
439.048
438.885
438.628
438.837
439.528
438.815
439.021
438.334
438.843
438.843
438.513
438.55
439.221
439.768
440.526
440.88
440.569
439.921
439.484
439.498
439.187
439.967
440.34
440.607
440.132
439.892
439.339
438.862
439.286
440.181
440.089
440.397
439.704
440.185
439.857
439.937
439.996
440.149
440.178
440.004
439.613
439.921
439.925
440.217
439.886
439.879
439.618
439.339
439.732
439.955
440.025
439.797
439.484
439.106
438.774
439.011
439.443
439.968
439.899
439.716
439.323
439.538
439.538
439.538
439.538
439.538
439.538
439.538
439.538
393.797
393.248
393.275
392.762
392.531
391.339
391.145
390.747
391.699
391.805
392.196
392.253
392.072
392.288
393.248
392.924
392.562
392.603
393.166
393.874
392.658
392.785
393.299
393.193
393.018
392.403
392.623
392.947
392.642
392.071
392.585
392.724
393.208
393.025
392.732
392.79
392.501
392.657
392.701
392.678
392.799
393.015
392.713
392.919
392.716
392.616
392.962
392.98
392.735
392.825
392.565
392.64
392.704
392.844
392.899
392.776
392.46
392.6
392.792
392.791
392.348
392.228
392.514
392.832
392.49
392.582
392.565
392.501
392.463
392.45
392.931
392.995
392.905
392.572
392.323
392.517
392.496
392.688
392.736
392.548
392.709
392.775
392.66
392.495
392.632
392.943
392.832
392.671
392.626
392.603
392.75
392.88
392.641
392.719
392.448
392.387
392.788
392.614
392.627
392.673
392.673
392.673
392.673
392.673
590.063
589.758
589.088
588.328
588.211
588.074
587.907
588.127
588.293
588.444
588.066
587.9
587.967
587.918
587.852
588.029
588.021
588.164
589.011
589.521
589.878
589.263
588.822
588.63
588.266
588.316
588.593
588.997
589.2619999999999
589.264
589.441
588.91
588.543
587.807
587.446
587.417
587.249
587.364
587.3390000000001
587.318
587.405
587.8150000000001
587.7329999999999
588.004
587.996
587.769
587.571
587.547
587.414
587.413
587.133
587.447
587.701
587.808
587.681
587.932
588.138
587.973
587.874
587.7329999999999
587.6900000000001
587.706
587.691
587.539
587.802
587.802
587.936
587.955
587.748
587.778
587.7670000000001
587.647
587.775
587.9109999999999
587.681
587.857
587.903
587.941
587.739
587.683
587.723
587.846
587.693
587.472
587.603
587.922
587.991
587.836
587.842
587.971
588.013
588.027
588.0549999999999
588.105
587.899
587.651
587.678
588.043
587.822
588.034
588.006
588.159
588.249
587.371
587.371
587.371
587.371
587.371
587.371
524.616
524.901
524.89
525.428
525.222
525.1180000000001
524.587
524.33
524.206
524.027
524.234
524.242
525.125
525.448
525.093
525.052
524.782
525.366
526.004
526.414
526.561
526.5599999999999
526.703
526.235
525.927
525.295
525.143
525.154
524.961
525.12
525.353
525.83
526.402
526.39
526.022
524.952
524.417
524.478
524.9059999999999
524.905
524.877
524.401
524.3049999999999
524.391
524.449
524.809
524.995
524.9
524.914
525.225
525.192
525.478
525.5890000000001
525.269
525.244
524.789
525.153
524.846
524.824
523.652
523.597
523.6369999999999
523.928
524.099
523.963
523.684
523.83
524.3819999999999
524.994
525.018
525.355
525.458
525.4640000000001
525.341
524.967
524.688
523.987
523.1660000000001
523.258
523.601
524.198
524.296
524.062
523.65
523.793
523.497
523.458
523.859
523.574
523.265
523.439
523.491
523.126
523.456
523.9400000000001
524.401
524.72
524.553
524.9589999999999
524.721
524.636
524.298
523.852
524.331
524.74
524.475
524.182
523.744
523.967
524.566
524.837
524.804
524.246
524.175
524.048
524.367
524.396
524.5170000000001
524.277
524.199
523.979
524.6660000000001
524.268
524.6420000000001
524.217
524.271
524.349
524.278
524.303
524.481
524.2859999999999
524.378
524.145
524.357
524.292
524.0599999999999
524.486
524.176
524.508
524.391
524.939
524.5940000000001
524.6180000000001
524.374
524.2380000000001
524.301
524.294
524.447
524.355
524.473
524.511
524.682
524.443
524.641
524.248
524.549
524.444
525.0170000000001
524.458
524.412
524.047
524.205
524.304
524.322
524.3920000000001
524.322
524.329
524.2430000000001
524.021
524.712
524.45
524.311
524.319
524.2569999999999
524.716
524.306
524.274
524.313
524.491
524.447
524.681
524.48
523.9349999999999
524.197
524.186
524.121
524.528
524.077
524.521
524.4059999999999
523.939
524.114
524.178
524.495
523.774
524.188
524.306
525.018
523.962
523.955
523.4829999999999
523.4829999999999
524.077
524.787
524.086
523.205
523.205
523.205
523.205
523.205
523.205
523.205
523.205
523.205
523.205
394.401
393.934
393.598
392.922
392.112
391.819
391.236
391.103
391.384
391.779
391.96
392.066
392.347
392.346
393.099
393.044
392.854
392.763
393.23
393.458
392.612
392.555
392.617
393.658
392.721
392.313
392.347
392.907
392.717
392.451
392.451
392.451
392.451
392.451
392.451
392.451
392.312
393.212
393.521
392.832
391.839
390.589
389.548
390.609
390.797
391.382
391.873
391.933
391.722
392.62
393.432
392.554
391.944
392.222
393.005
392.977
392.607
393.257
394.466
393.847
392.865
392.566
393.041
392.906
392.515
392.796
392.796
392.796
392.796
392.796
392.796
392.796
393.061
393.781
393.765
393.265
392.291
391.47
390.198
390.023
391.122
391.305
391.654
391.753
391.838
392.095
393.148
393.038
392.447
391.845
392.361
393.157
392.698
393.708
394.493
393.937
392.698
391.804
392.396
392.627
392.796
391.677
391.508
391.508
391.508
391.508
392.248
392.267
392.454
392.84
394.159
394.381
393.809
394.351
394.613
394.215
392.757
392.127
392.127
392.127
392.127
392.127
392.127
392.127
392.127
392.127
392.127
392.127
392.127
392.127
392.127
392.127
392.127
392.127
392.127
392.127
392.127
392.127
392.127
392.127
392.127
392.127
392.127
392.127
392.127
392.127
392.127
392.127
392.127
392.127
392.127
392.127
392.127
392.127
392.127
392.127
392.127
392.127
392.127
392.127
392.127
392.127
392.127
392.127
392.127
392.127
392.127
392.127
392.127
392.127
392.127
392.127
392.127
392.127
392.127
392.127
392.127
392.127
392.127
785.812
785.458
785.009
784.712
785.5650000000001
785.597
785.495
785.456
785.318
785.248
784.697
784.697
784.697
784.697
784.697
784.697
784.697
784.697
784.697
784.697
784.697
784.697
784.55
784.6849999999999
784.0890000000001
783.967
784.026
783.9829999999999
783.9829999999999
783.9829999999999
783.9829999999999
783.9829999999999
783.9829999999999
661.9109999999999
663.389
662.299
661.497
660.686
661.307
661.074
660.975
662.128
662.49
663.157
662.867
661.625
661.038
660.827
661.159
661.772
661.769
661.822
661.093
660.602
660.4930000000001
661.308
661.0700000000001
661.298
661.122
660.61
659.811
660.218
660.955
661.308
661.2619999999999
660.845
660.159
660.8630000000001
661.215
661.115
660.822
660.501
660.716
660.388
660.2380000000001
659.813
660.097
660.736
660.78
660.271
659.768
659.918
660.301
660.711
660.5700000000001
660.008
660.0650000000001
660.316
660.801
660.862
660.521
660.347
660.399
660.616
660.856
660.551
660.072
660.1559999999999
660.225
660.857
660.578
660.069
660.3440000000001
660.393
661.226
660.671
660.418
660.265
660.271
661.037
660.814
660.678
660.188
660.197
660.592
660.851
660.529
659.903
660.235
660.645
661.347
660.61
659.921
659.9930000000001
660.4
661.4349999999999
661.492
660.8630000000001
660.492
660.279
660.929
660.426
660.86
660.207
660.105
660.655
661.289
661.289
661.289
661.289
661.289
525.212
524.816
524.83
525.164
525.508
525.231
524.817
524.509
524.995
524.524
523.831
524.178
524.068
524.3200000000001
525.051
525.046
524.67
524.6950000000001
525.255
525.55
526.008
526.662
526.491
526.5119999999999
526.5119999999999
526.5119999999999
525.414
525.275
524.867
525.04
525.353
525.353
525.353
525.353
525.353
525.353
526.023
525.428
525.561
525.587
525.4400000000001
524.801
523.828
524.04
523.951
523.808
523.601
523.335
523.981
524.773
525.099
524.663
524.89
524.972
525.484
525.8200000000001
526.258
525.747
525.877
525.744
525.744
525.635
525.635
525.635
525.551
524.936
524.936
524.936
524.936
524.936
524.936
524.811
524.569
524.809
525.198
525.056
524.657
524.832
525.082
524.236
523.963
524.37
524.562
524.657
525.274
525.525
525.309
525.162
525.4109999999999
525.8440000000001
525.65
525.825
525.636
525.72
525.467
525.2329999999999
524.654
524.683
524.846
524.599
524.662
524.811
524.955
524.792
524.792
524.792
500.801
498.88
496.106
495.898
495.882
494.973
495.619
496.349
496.123
495.375
496.181
496.287
494.778
493.6
494.351
494.583
494.424
495.41
494.951
494.678
495.309
495.35
494.552
494.784
495.243
494.467
494.478
495.072
494.856
494.08
494.76
495.633
495.366
494.632
495.682
496.395
495.585
494.848
494.706
494.598
494.953
495.801
495.403
494.682
494.563
494.484
493.866
494.189
495.133
495.407
495.035
494.274
494.602
494.837
494.151
494.558
494.829
494.828
494.845
494.731
494.719
494.417
494.226
494.424
494.767
494.509
494.606
494.256
494.413
494.975
495.171
494.601
494.151
493.816
493.816
493.816
494.084
494.454
494.99
495.484
495.113
494.607
494.559
494.762
494.827
494.928
494.897
494.822
494.999
495.011
494.775
494.241
494.605
494.669
494.775
494.473
494.408
494.842
494.76
494.365
494.476
494.393
494.389
494.389
494.389
494.389
494.389
440.606
440.659
439.868
439.4
439.546
439.777
440.036
440.444
440.708
440.137
440.445
440.856
441.901
441.683
441.741
441.071
440.16
439.856
440.331
440.584
440.997
441.231
440.379
439.948
438.666
438.969
439.467
439.727
439.355
439.021
438.862
438.99
439.218
439.518
439.826
440.116
440.05
439.826
439.937
439.511
439.223
439.019
438.894
439.125
439.167
439.423
439.479
438.892
438.768
438.833
438.835
438.714
438.757
439.143
439.6
440.281
441.029
440.826
440.491
439.938
439.452
439.363
439.466
439.862
440.452
440.458
440.177
439.628
438.903
439.228
439.693
439.972
440.158
440.227
440.079
439.684
439.732
440.121
440.364
440.139
439.838
439.887
439.807
439.869
440.117
440.009
439.93
439.829
439.565
439.531
439.664
439.959
439.969
439.89
439.33
439.059
439.043
439.577
439.721
440.221
440.17
439.579
439.579
439.579
439.579
439.579
439.579
439.579
439.579
439.579
439.579
701.226
699.701
699.634
698.9109999999999
697.402
699.461
701.125
700.702
698.71
697.414
697.22
698.389
698.885
698.824
699.0700000000001
699.873
701.011
700.104
700.112
700.345
699.549
698.6660000000001
699.7140000000001
700.4299999999999
699.657
699.854
701.051
700.247
699.775
699.669
699.631
700.436
699.972
699.932
700.378
701.278
700.961
699.499
699.711
700.55
699.966
698.037
699.09
699.951
699.99
699.049
697.939
697.939
697.939
697.939
697.939
697.939
697.939
697.939
701.505
700.825
699.854
699.799
698.736
697.08
699.1420000000001
700.808
700.4400000000001
698.755
698.128
698.54
698.462
698.654
698.784
699.539
699.6180000000001
699.864
699.638
699.7140000000001
699.63
699.283
698.938
699.526
699.543
699.063
699.486
700.192
699.788
699.766
699.516
699.672
700.829
700.442
700.554
701.0119999999999
701.398
700.688
699.707
699.847
699.7910000000001
699.5410000000001
698.348
699.687
700.082
700.811
701.207
701.207
701.207
701.207
701.207
663.633
663.357
661.598
661.449
661.409
661.664
661.5170000000001
662.218
662.3680000000001
662.859
663.1559999999999
662.653
661.779
661.146
661.265
661.614
661.846
662.213
661.5890000000001
660.88
660.53
660.934
661.154
661.2380000000001
661.4400000000001
661.152
660.424
660.622
660.708
660.772
661.63
661.602
660.699
660.4299999999999
660.798
661.274
661.062
660.876
660.809
660.713
660.514
660.2
659.897
660.289
660.617
660.646
660.23
659.817
660.141
660.703
661.063
660.6799999999999
660.114
660.235
660.6900000000001
660.616
660.7859999999999
660.3339999999999
660.186
660.572
660.8579999999999
661.17
660.6660000000001
660.2859999999999
660.405
660.399
660.9
660.525
660.054
660.367
660.684
660.804
660.619
660.155
660.246
659.994
660.677
661.077
660.294
660.497
660.229
660.8339999999999
661.078
660.329
659.962
660.2910000000001
660.578
661.143
660.498
659.934
660.33
660.671
661.585
661.3390000000001
660.366
660.526
660.354
660.572
660.842
660.442
660.198
661.167
661.167
661.167
661.167
661.167
661.167
525.54
525.122
525.029
525.3339999999999
525.354
525.217
524.753
524.808
524.554
524.153
524.458
524.472
524.646
524.8579999999999
525.3049999999999
524.843
524.9400000000001
525.295
525.63
526.403
526.575
526.737
526.63
526.348
525.702
525.128
524.933
524.951
525.317
525.328
525.293
525.8049999999999
526.01
526.371
526.356
525.978
524.9
523.996
524.22
524.978
525.071
524.635
524.524
524.125
524.542
524.773
524.899
524.861
525.3200000000001
524.979
525.248
525.151
525.535
525.521
524.908
525.018
524.949
524.922
524.782
524.401
523.563
523.593
523.616
524.068
524.546
524.128
523.9690000000001
524.346
524.724
524.526
524.992
525.1660000000001
525.452
525.534
525.5119999999999
525.42
524.79
523.254
522.548
523.177
523.415
524.183
524.1660000000001
523.74
523.79
523.562
523.823
523.904
523.546
523.1849999999999
522.966
523.662
523.605
523.95
523.79
524.205
524.5410000000001
525.088
524.763
524.9059999999999
524.751
524.751
524.751
524.751
524.751
589.341
589.348
589.3680000000001
588.5
588.056
587.871
587.992
588.033
587.881
588.611
588.2089999999999
587.929
588.078
587.788
587.884
587.9880000000001
588.076
588.304
588.831
589.234
589.365
588.987
588.889
588.593
588.171
588.311
588.486
589.103
589.353
589.457
589.5069999999999
588.895
588.309
587.577
587.554
587.631
587.15
587.309
587.434
587.329
587.5119999999999
587.71
587.847
587.944
587.648
587.7569999999999
587.753
587.571
587.327
587.306
587.364
587.505
587.598
587.705
587.8150000000001
587.972
587.932
588.072
588.014
587.6559999999999
587.561
587.76
587.731
587.6319999999999
587.702
587.799
587.932
587.952
587.799
587.819
587.669
587.748
587.71
587.687
587.819
587.928
587.687
587.847
587.809
587.824
587.684
587.639
587.665
587.673
587.595
587.7089999999999
587.873
587.885
587.873
587.828
588.0309999999999
588.078
588.032
587.918
587.84
587.908
587.804
587.566
587.799
588.25
588.186
588.26
588.499
588.329
588.107
588.107
588.107
588.107
588.107
588.107
525.181
525.056
525.419
525.697
525.497
524.902
524.591
525.064
524.441
523.7910000000001
524.131
523.981
524.174
525.035
525.088
524.84
525.039
525.191
525.741
526.218
526.772
526.444
526.269
526.293
526.293
525.067
525.109
524.8
524.845
524.92
525.524
525.7619999999999
526.278
526.333
526.421
526.062
524.854
524.635
524.362
525.072
524.72
525.034
524.4450000000001
524.359
524.567
524.776
524.848
525.018
525.157
525.25
525.2670000000001
525.375
525.441
525.373
524.939
524.727
524.7670000000001
524.8869999999999
524.471
524.276
523.523
523.1799999999999
523.744
524.48
524.336
523.929
523.842
524.385
524.6130000000001
524.379
524.77
524.8579999999999
525.526
525.499
525.9930000000001
525.266
525.04
523.217
522.979
523.066
523.383
523.6180000000001
523.962
523.813
523.963
523.615
523.894
524.256
523.772
523.401
523.323
523.216
523.5839999999999
523.621
523.686
524.114
524.8390000000001
524.672
524.905
524.8150000000001
524.908
524.497
524.604
524.277
524.316
524.019
524.169
524.091
524.2670000000001
524.235
524.7670000000001
524.408
524.534
524.333
524.067
523.875
523.833
523.764
524.056
523.9299999999999
523.941
524.481
524.342
524.867
524.346
524.495
524.415
524.453
524.2569999999999
524.4160000000001
524.404
524.465
524.351
524.139
524.569
524.186
524.131
524.509
524.554
524.766
524.958
524.4299999999999
524.765
524.567
524.53
524.601
524.747
524.578
524.485
524.471
524.568
524.506
524.575
524.235
524.529
525.069
524.454
524.559
524.424
524.424
524.559
524.033
524.438
524.595
524.409
524.931
524.684
524.635
524.545
524.731
524.513
524.622
524.628
524.086
524.314
524.246
524.325
524.102
524.106
524.474
524.523
524.349
524.4299999999999
523.692
524.246
524.428
524.474
524.279
524.259
524.391
524.853
523.769
524.275
524.434
524.074
524.446
524.177
524.434
524.399
523.995
524.308
524.956
524.4589999999999
524.478
524.154
523.956
524.009
523.845
524.578
524.331
524.433
524.442
524.049
524.388
524.873
524.217
523.643
523.904
524.698
524.292
524.106
524.404
524.1559999999999
524.03
524.498
524.498
524.283
523.74
524.79
524.912
524.644
524.1849999999999
524.534
524.083
524.049
523.801
524.054
523.764
524.155
523.688
524.212
524.296
524.024
524.4160000000001
524.207
524.059
524.5309999999999
524.249
524.035
524.082
524.549
524.1950000000001
524.601
524.479
524.737
524.645
524.655
524.282
524.0890000000001
524.386
524.582
524.044
524.425
524.2089999999999
524.4930000000001
524.128
524.567
524.724
525.453
524.6
523.952
523.489
524.241
524.069
524.364
523.769
523.769
523.899
523.899
523.899
523.872
523.748
523.968
523.327
523.481
523.665
523.487
523.706
524.42
524.42
524.105
524.105
524.157
524.247
523.689
523.924
523.814
524.371
524.542
524.052
524.321
524.9880000000001
524.7619999999999
524.067
524.0940000000001
523.484
523.484
523.484
523.484
523.484
523.484
523.484
523.484
523.484
523.484
523.484
523.484
523.484
523.484
523.484
523.484
523.484
523.484
523.484
523.484
523.484
523.484
523.484
523.484
523.484
523.484
523.484
523.484
523.484
523.484
523.484
523.484
523.484
523.484
523.484
523.484
523.484
523.484
523.484
523.484
523.484
523.484
523.484
523.484
523.484
523.484
523.484
523.484
523.484
523.484
523.484
523.484
523.484
523.484
523.484
523.484
523.484
523.484
523.484
523.484
523.484
523.484
523.484
523.484
523.484
523.484
523.484
523.484
523.484
523.484
523.484
523.484
523.484
523.484
523.484
523.484
523.484
523.484
523.484
523.484
523.484
523.484
523.484
523.484
523.484
523.484
